% -------------------------------------------------------------------
%  Generated by MATLAB on 6-Jan-2025 21:11:02
%  MATLAB version: 9.4.0.813654 (R2018a)
% -------------------------------------------------------------------
                                   

n = 0.9;

x1 = 2.9;

x2 = 0.9;

