% -------------------------------------------------------------------
%  Generated by MATLAB on 6-Jan-2025 20:29:45
%  MATLAB version: 9.4.0.813654 (R2018a)
% -------------------------------------------------------------------
                                  

nx1 = [-1 0 1 2];

nx2 = [-1 0 1];

x1 = [5 6 7 8];

x2 = [8 9 7];

